166.66666666666666 83.33333333333333 83.33333333333333 166.66666666666666 83.33333333333333 83.33333333333333 166.66666666666666 166.66666666666666 166.66666666666666 166.66666666666666 
166.66666666666666 83.33333333333333 83.33333333333333 166.66666666666666 166.66666666666666 166.66666666666666 166.66666666666666 166.66666666666666 166.66666666666666 
83.33333333333333 83.33333333333333 166.66666666666666 83.33333333333333 83.33333333333333 166.66666666666666 166.66666666666666 166.66666666666666 266.6666666666667 
166.66666666666666 166.66666666666666 166.66666666666666 166.66666666666666 166.66666666666666 166.66666666666666 333.3333333333333 
166.66666666666666 83.33333333333333 83.33333333333333 166.66666666666666 83.33333333333333 83.33333333333333 166.66666666666666 166.66666666666666 166.66666666666666 166.66666666666666 
166.66666666666666 166.66666666666666 166.66666666666666 166.66666666666666 166.66666666666666 166.66666666666666 166.66666666666666 166.66666666666666 
166.66666666666666 166.66666666666666 166.66666666666666 166.66666666666666 333.3333333333333 166.66666666666666 166.66666666666666 
166.66666666666666 166.66666666666666 166.66666666666666 166.66666666666666 333.3333333333333 166.66666666666666 166.66666666666666 
166.66666666666666 83.33333333333333 83.33333333333333 166.66666666666666 83.33333333333333 83.33333333333333 166.66666666666666 166.66666666666666 166.66666666666666 166.66666666666666 
166.66666666666666 83.33333333333333 83.33333333333333 166.66666666666666 166.66666666666666 166.66666666666666 166.66666666666666 166.66666666666666 166.66666666666666 
83.33333333333333 83.33333333333333 166.66666666666666 83.33333333333333 83.33333333333333 166.66666666666666 166.66666666666666 166.66666666666666 266.6666666666667 
166.66666666666666 166.66666666666666 166.66666666666666 166.66666666666666 166.66666666666666 166.66666666666666 333.3333333333333 
166.66666666666666 83.33333333333333 83.33333333333333 166.66666666666666 83.33333333333333 83.33333333333333 166.66666666666666 166.66666666666666 166.66666666666666 166.66666666666666 
166.66666666666666 166.66666666666666 166.66666666666666 166.66666666666666 166.66666666666666 166.66666666666666 166.66666666666666 166.66666666666666 
166.66666666666666 166.66666666666666 166.66666666666666 166.66666666666666 333.3333333333333 166.66666666666666 166.66666666666666 
166.66666666666666 166.66666666666666 166.66666666666666 166.66666666666666 333.3333333333333 166.66666666666666 166.66666666666666 
666.6666666666666 333.3333333333333 166.66666666666666 166.66666666666666 
166.66666666666666 333.3333333333333 333.3333333333333 333.3333333333333 166.66666666666666 
666.6666666666666 166.66666666666666 333.3333333333333 166.66666666666666 
166.66666666666666 166.66666666666666 166.66666666666666 333.3333333333333 166.66666666666666 166.66666666666666 166.66666666666666 
666.6666666666666 333.3333333333333 166.66666666666666 166.66666666666666 
166.66666666666666 333.3333333333333 333.3333333333333 500 
666.6666666666666 166.66666666666666 166.66666666666666 166.66666666666666 166.66666666666666 
166.66666666666666 166.66666666666666 166.66666666666666 166.66666666666666 666.6666666666666